akar1 = -0.739085
akar2 = 0.739085