 Matriks yang diinput : 
 Ukuran : 5 variabel,  5 sistem persamaan linear

 Matriks A : 
 9. 11. 7. 6. 8.
 12. 2. 10. 3. 5.
 13. 14. 15. 16. 4.
 17. 18. 19. 20. 21.
 22. 23. 24. 25. 26.

 Matriks B : 
 1. 0. 0. 0. 0.
 0. 1. 0. 0. 0.
 0. 0. 1. 0. 0.
 0. 0. 0. 1. 0.
 0. 0. 0. 0. 1.

 ===Hasil Dekomposisi LU===

 Matriks L: 
 9. 0. 0. 0. 0.
 12. -12.666666666666668 0. 0. 0.
 13. -1.8888888888888893 4.789473684210527 0. 0.
 17. -2.7777777777777786 5.6315789473684195 0.2637362637362699 0.
 22. -3.888888888888893 6.684210526315791 0.5934065934065949 -16.249999999999282

 Matriks U: 
 1. 1.2222222222222223 0.7777777777777778 0.6666666666666666 0.8888888888888888
 0. 1. -0.05263157894736837 0.3947368421052631 0.44736842105263147
 0. 0. 1. 1.6868131868131866 -1.401098901098901
 0. 0. 0. 1. 56.95833333333199
 0. 0. 0. 0. 1.

 Solusi sistem persamaan:
 X( 1 , 1 )=  -0.4166666666666729
 X( 2 , 1 )=  0.3333333333333355
 X( 3 , 1 )=  0.5833333333333417
 X( 4 , 1 )=  -0.5000000000000048
 X( 5 , 1 )=  2.3627267343473613E-16

 X( 1 , 2 )=  -0.08333333333333817
 X( 2 , 2 )=  1.7763568394002505E-15
 X( 3 , 2 )=  0.25000000000000655
 X( 4 , 2 )=  -0.1666666666666705
 X( 5 , 2 )=  1.28171461825393E-16

 X( 1 , 3 )=  -0.15384615384615694
 X( 2 , 3 )=  0.07692307692307801
 X( 3 , 3 )=  0.23076923076923492
 X( 4 , 3 )=  -0.07692307692307931
 X( 5 , 3 )=  -0.07692307692307682

 X( 1 , 4 )=  -5.273076923077035
 X( 2 , 4 )=  1.9282051282051684
 X( 3 , 4 )=  7.101282051282202
 X( 4 , 4 )=  -4.094871794871882
 X( 5 , 4 )=  0.1384615384615417

 X( 1 , 5 )=  4.4269230769231696
 X( 2 , 5 )=  -1.6717948717949052
 X( 3 , 5 )=  -5.998717948718074
 X( 4 , 5 )=  3.5051282051282775
 X( 5 , 5 )=  -0.061538461538464255

 Matriks X : 
 -0.4166666666666729 -0.08333333333333817 -0.15384615384615694 -5.273076923077035 4.4269230769231696
 0.3333333333333355 1.7763568394002505E-15 0.07692307692307801 1.9282051282051684 -1.6717948717949052
 0.5833333333333417 0.25000000000000655 0.23076923076923492 7.101282051282202 -5.998717948718074
 -0.5000000000000048 -0.1666666666666705 -0.07692307692307931 -4.094871794871882 3.5051282051282775
 2.3627267343473613E-16 1.28171461825393E-16 -0.07692307692307682 0.1384615384615417 -0.061538461538464255
